29
14
0 8152 7333 1153 7167 11424 9068 1120 713 6588 10648 8912 3199 5240 1932 11573 5780 3769 5035 6618 4127 6556 7724 10590 1409 1657 3006 7871 11330
8152 0 1557 9091 2127 5106 2750 9058 8651 2128 4330 2594 5719 4676 6918 5255 2826 4491 3415 2944 5351 3100 1406 4272 8107 7909 6224 1553 5012
7333 1557 0 8272 1308 4829 2473 8239 7832 1309 4053 2317 4900 3857 6099 4978 2007 3672 2596 2125 4532 2281 1129 3995 7288 7090 5405 1276 4735
1153 9091 8272 0 8106 12363 10007 891 666 7527 11587 9851 4138 6179 2871 12512 6719 4708 5974 7557 5066 7495 8663 11529 2348 2596 3945 8810 12269
7167 2127 1308 8106 0 5399 3043 8073 7666 1143 4623 2887 4734 3691 5933 5548 1841 3506 2430 1959 4366 2115 1699 4565 7122 6924 5239 1846 5305
11424 5106 4829 12363 5399 0 2570 12330 11923 5400 1106 4044 8991 7948 10190 1163 6098 7763 6687 6216 8623 6372 4332 2218 11379 11181 9496 3713 1244
9068 2750 2473 10007 3043 2570 0 9974 9567 3044 1794 1688 6635 5592 7834 2719 3742 5407 4331 3860 6267 4016 1976 1736 9023 8825 7140 1357 2476
1120 9058 8239 891 8073 12330 9974 0 633 7494 11554 9818 4105 6146 2838 12479 6686 4675 5941 7524 5033 7462 8630 11496 2315 2563 3912 8777 12236
713 8651 7832 666 7666 11923 9567 633 0 7087 11147 9411 3698 5739 2431 12072 6279 4268 5534 7117 4626 7055 8223 11089 1908 2156 3505 8370 11829
6588 2128 1309 7527 1143 5400 3044 7494 7087 0 4624 2888 4155 3112 5354 5549 1262 2927 1851 1380 3787 1536 1700 4566 6543 6345 4660 1847 5306
10648 4330 4053 11587 4623 1106 1794 11554 11147 4624 0 3268 8215 7172 9414 1255 5322 6987 5911 5440 7847 5596 3556 1442 10603 10405 8720 2937 1012
8912 2594 2317 9851 2887 4044 1688 9818 9411 2888 3268 0 6479 5436 7678 4193 3586 5251 4175 3704 6111 3860 1820 3210 8867 8669 6984 1201 3950
3199 5719 4900 4138 4734 8991 6635 4105 3698 4155 8215 6479 0 2807 1965 9140 3347 1336 2602 4185 1694 4123 5291 8157 3154 2956 1271 5438 8897
5240 4676 3857 6179 3691 7948 5592 6146 5739 3112 7172 5436 2807 0 4006 8097 2304 1579 1559 3142 2439 3080 4248 7114 5195 4997 3312 4395 7854
1932 6918 6099 2871 5933 10190 7834 2838 2431 5354 9414 7678 1965 4006 0 10339 4546 2535 3801 5384 2893 5322 6490 9356 1887 1689 1772 6637 10096
11573 5255 4978 12512 5548 1163 2719 12479 12072 5549 1255 4193 9140 8097 10339 0 6247 7912 6836 6365 8772 6521 4481 2367 11528 11330 9645 3862 1393
5780 2826 2007 6719 1841 6098 3742 6686 6279 1262 5322 3586 3347 2304 4546 6247 0 2119 1043 1292 2979 1230 2398 5264 5735 5537 3852 2545 6004
3769 4491 3672 4708 3506 7763 5407 4675 4268 2927 6987 5251 1336 1579 2535 7912 2119 0 1374 2957 968 2895 4063 6929 3724 3526 1841 4210 7669
5035 3415 2596 5974 2430 6687 4331 5941 5534 1851 5911 4175 2602 1559 3801 6836 1043 1374 0 1881 2234 1819 2987 5853 4990 4792 3107 3134 6593
6618 2944 2125 7557 1959 6216 3860 7524 7117 1380 5440 3704 4185 3142 5384 6365 1292 2957 1881 0 3817 1566 2516 5382 6573 6375 4690 2663 6122
4127 5351 4532 5066 4366 8623 6267 5033 4626 3787 7847 6111 1694 2439 2893 8772 2979 968 2234 3817 0 3755 4923 7789 4082 3884 2199 5070 8529
6556 3100 2281 7495 2115 6372 4016 7462 7055 1536 5596 3860 4123 3080 5322 6521 1230 2895 1819 1566 3755 0 2672 5538 6511 6313 4628 2819 6278
7724 1406 1129 8663 1699 4332 1976 8630 8223 1700 3556 1820 5291 4248 6490 4481 2398 4063 2987 2516 4923 2672 0 3498 7679 7481 5796 779 4238
10590 4272 3995 11529 4565 2218 1736 11496 11089 4566 1442 3210 8157 7114 9356 2367 5264 6929 5853 5382 7789 5538 3498 0 10545 10347 8662 2879 2124
1409 8107 7288 2348 7122 11379 9023 2315 1908 6543 10603 8867 3154 5195 1887 11528 5735 3724 4990 6573 4082 6511 7679 10545 0 1612 2961 7826 11285
1657 7909 7090 2596 6924 11181 8825 2563 2156 6345 10405 8669 2956 4997 1689 11330 5537 3526 4792 6375 3884 6313 7481 10347 1612 0 2763 7628 11087
3006 6224 5405 3945 5239 9496 7140 3912 3505 4660 8720 6984 1271 3312 1772 9645 3852 1841 3107 4690 2199 4628 5796 8662 2961 2763 0 5943 9402
7871 1553 1276 8810 1846 3713 1357 8777 8370 1847 2937 1201 5438 4395 6637 3862 2545 4210 3134 2663 5070 2819 779 2879 7826 7628 5943 0 3619
11330 5012 4735 12269 5305 1244 2476 12236 11829 5306 1012 3950 8897 7854 10096 1393 6004 7669 6593 6122 8529 6278 4238 2124 11285 11087 9402 3619 0