21
0 5195 6118 2097 1810 1262 6702 7986 2162 6674 3910 8348 2698 2132 3411 5725 3488 3563 4693 3171 7790
5195 0 2775 6414 6127 4151 3359 4643 3717 3331 1673 5005 7015 3429 2500 2382 7805 3122 1508 7488 4447
6118 2775 0 7337 7050 5074 2066 3350 4640 2038 2596 3712 7938 4352 3423 2271 8728 4045 2431 8411 3154
2097 6414 7337 0 2245 2481 7921 9205 3381 7893 5129 9567 1955 3351 4630 6944 2745 4782 5912 2428 9009
1810 6127 7050 2245 0 2194 7634 8918 3094 7606 4842 9280 2846 3064 4343 6657 3636 4495 5625 3319 8722
1262 4151 5074 2481 2194 0 5658 6942 1118 5630 2866 7304 3082 1088 2367 4681 3872 2519 3649 3555 6746
6702 3359 2066 7921 7634 5658 0 2284 5224 972 3180 2646 8522 4936 4007 2855 9312 4629 3015 8995 2088
7986 4643 3350 9205 8918 6942 2284 0 6508 1768 4464 1626 9806 6220 5291 4139 10596 5913 4299 10279 2142
2162 3717 4640 3381 3094 1118 5224 6508 0 5196 2432 6870 3982 654 1933 4247 4772 2085 3215 4455 6312
6674 3331 2038 7893 7606 5630 972 1768 5196 0 3152 2130 8494 4908 3979 2827 9284 4601 2987 8967 1572
3910 1673 2596 5129 4842 2866 3180 4464 2432 3152 0 4826 5730 2144 1215 2203 6520 1837 1171 6203 4268
8348 5005 3712 9567 9280 7304 2646 1626 6870 2130 4826 0 10168 6582 5653 4501 10958 6275 4661 10641 2504
2698 7015 7938 1955 2846 3082 8522 9806 3982 8494 5730 10168 0 3952 5231 7545 1372 5383 6513 1055 9610
2132 3429 4352 3351 3064 1088 4936 6220 654 4908 2144 6582 3952 0 1645 3959 4742 1797 2927 4425 6024
3411 2500 3423 4630 4343 2367 4007 5291 1933 3979 1215 5653 5231 1645 0 3030 6021 1338 1998 5704 5095
5725 2382 2271 6944 6657 4681 2855 4139 4247 2827 2203 4501 7545 3959 3030 0 8335 3652 2038 8018 3943
3488 7805 8728 2745 3636 3872 9312 10596 4772 9284 6520 10958 1372 4742 6021 8335 0 6173 7303 809 10400
3563 3122 4045 4782 4495 2519 4629 5913 2085 4601 1837 6275 5383 1797 1338 3652 6173 0 2620 5856 5717
4693 1508 2431 5912 5625 3649 3015 4299 3215 2987 1171 4661 6513 2927 1998 2038 7303 2620 0 6986 4103
3171 7488 8411 2428 3319 3555 8995 10279 4455 8967 6203 10641 1055 4425 5704 8018 809 5856 6986 0 10083
7790 4447 3154 9009 8722 6746 2088 2142 6312 1572 4268 2504 9610 6024 5095 3943 10400 5717 4103 10083 0
