32
0 2031 1327 1382 1771 1588 1477 1232 1670 1649 1799 1712 1288 1651 1863 1548 1120 1094 1831 1516 1284 1843 1939 1165 1783 1913 1210 1044 1820 2028 1596 1319 
2031 0 1424 1739 1347 1152 1858 1981 1413 1090 1536 1701 1469 1971 1486 1234 1996 1923 1667 1360 1073 1496 1717 1060 1757 1541 1168 1506 1874 1196 1189 1311 
1327 1424 0 1183 1694 1859 1126 1155 1460 1276 1031 1207 1792 1801 1559 1040 1097 1235 1495 1614 1832 1423 1089 1824 1522 1680 1194 1622 1092 1612 1531 1931 
1382 1739 1183 0 1313 1121 1610 2036 1142 2047 1890 1826 1226 1172 1048 1942 1164 1113 1835 1762 1046 1992 1623 1778 1782 1884 1326 1993 1756 1878 1760 1719 
1771 1347 1694 1313 0 1517 1998 1793 1959 1894 1852 1117 1357 1310 1177 1431 1565 1030 1827 1263 1897 1427 1628 1399 2040 1834 1379 1079 1406 1355 1968 1370 
1588 1152 1859 1121 1517 0 1685 1067 1075 1041 1025 1602 1239 2026 1679 1937 1574 1029 1932 1336 1408 1466 1617 1780 1027 1107 1965 2041 1277 1050 1032 1508 
1477 1858 1126 1610 1998 1685 0 1564 1411 1190 1353 1969 1454 1106 1676 1500 1807 2011 1159 1957 1805 1686 1488 1941 1861 1899 1337 1224 1037 1862 1271 1343 
1232 1981 1155 2036 1793 1067 1564 0 1146 1552 1147 1816 1074 1749 1791 1417 1850 1135 1988 1042 1049 1714 2046 1871 1958 1990 1493 1441 1407 1055 2006 1108 
1670 1413 1460 1142 1959 1075 1411 1146 0 1375 1395 1053 1781 1273 1734 1811 1216 1035 1499 1122 1554 2005 1176 1286 1777 1289 1810 1784 1056 1753 1396 1853 
1649 1090 1276 2047 1894 1041 1190 1552 1375 0 1706 1179 2029 2007 1578 1726 1733 1961 2000 1966 1542 1368 1955 1736 1553 1162 1412 1149 1983 1475 2030 1459 
1799 1536 1031 1890 1852 1025 1353 1147 1395 1706 0 1967 1278 1047 1930 1815 1672 1907 1921 1879 1433 1953 1450 1269 1570 1774 1203 1661 1845 1715 1403 1575 
1712 1701 1207 1826 1117 1602 1969 1816 1053 1179 1967 0 1671 1525 1071 1693 1510 1426 2016 1452 1039 1538 1943 1916 1660 1972 1302 1902 1720 1523 1127 1825 
1288 1469 1792 1226 1357 1239 1454 1074 1781 2029 1278 1671 0 1980 1279 1420 1995 1605 1115 1840 1218 1322 1072 1767 1153 1716 1975 1869 1915 1546 1320 1539 
1651 1971 1801 1172 1310 2026 1106 1749 1273 2007 1047 1525 1980 0 1223 1991 1299 1248 1586 1514 1936 1675 1979 1316 1290 1102 1381 1744 1986 1657 2037 1597 
1863 1486 1559 1048 1177 1679 1676 1791 1734 1578 1930 1071 1279 1223 0 1638 1321 1881 1205 1255 1045 2019 1822 1275 1332 1308 1100 1594 1352 1393 1268 1709 
1548 1234 1040 1942 1431 1937 1500 1417 1811 1726 1815 1693 1420 1991 1638 0 1305 1535 1773 1377 1358 1318 1997 1742 1246 1134 1973 1219 1213 1365 1789 1808 
1120 1996 1097 1164 1565 1574 1807 1850 1216 1733 1672 1510 1995 1299 1321 1305 0 1112 1298 1141 1242 1204 1110 1111 1520 1909 1560 1432 1052 1922 1434 1620 
1094 1923 1235 1113 1030 1029 2011 1135 1035 1961 1907 1426 1605 1248 1881 1535 1112 0 1456 2038 1384 1186 1081 1674 1892 1533 1785 1994 1249 1485 1315 1178 
1831 1667 1495 1835 1827 1932 1159 1988 1499 2000 1921 2016 1115 1586 1205 1773 1298 1456 0 1063 1137 1934 1641 1830 1078 1468 1562 1527 1114 1609 1710 1280 
1516 1360 1614 1762 1263 1336 1957 1042 1122 1966 1879 1452 1840 1514 1255 1377 1141 2038 1063 0 2012 1707 1900 1386 1669 1652 1362 1129 1463 1061 1307 1748 
1284 1073 1832 1046 1897 1408 1805 1049 1554 1542 1433 1039 1218 1936 1045 1358 1242 1384 1137 2012 0 2042 1982 1751 1036 1143 1635 1962 1256 1476 1632 1188 
1843 1496 1423 1992 1427 1466 1686 1714 2005 1368 1953 1538 1322 1675 2019 1318 1204 1186 1934 1707 2042 0 1306 1325 1917 1169 1637 1195 1206 1187 1391 1678 
1939 1717 1089 1623 1628 1617 1488 2046 1176 1955 1450 1943 1072 1979 1822 1997 1110 1081 1641 1900 1982 1306 0 1803 1467 1131 1267 1314 1885 1128 1231 1683 
1165 1060 1824 1778 1399 1780 1941 1871 1286 1736 1269 1916 1767 1316 1275 1742 1111 1674 1830 1386 1751 1325 1803 0 1629 1895 1950 1705 1985 1251 1069 1763 
1783 1757 1522 1782 2040 1027 1861 1958 1777 1553 1570 1660 1153 1290 1332 1246 1520 1892 1078 1669 1036 1917 1467 1629 0 1215 1504 1237 1691 1697 1974 1873 
1913 1541 1680 1884 1834 1107 1899 1990 1289 1162 1774 1972 1716 1102 1308 1134 1909 1533 1468 1652 1143 1169 1131 1895 1215 0 1465 1963 1886 1498 1387 1646 
1210 1168 1194 1326 1379 1965 1337 1493 1810 1412 1203 1302 1975 1381 1100 1973 1560 1785 1562 1362 1635 1637 1267 1950 1504 1465 0 1779 1312 1340 1446 1058 
1044 1506 1622 1993 1079 2041 1224 1441 1784 1149 1661 1902 1869 1744 1594 1219 1432 1994 1527 1129 1962 1195 1314 1705 1237 1963 1779 0 2032 1926 1630 1947 
1820 1874 1092 1756 1406 1277 1037 1407 1056 1983 1845 1720 1915 1986 1352 1213 1052 1249 1114 1463 1256 1206 1885 1985 1691 1886 1312 2032 0 1228 1245 1765 
2028 1196 1612 1878 1355 1050 1862 1055 1753 1475 1715 1523 1546 1657 1393 1365 1922 1485 1609 1061 1476 1187 1128 1251 1697 1498 1340 1926 1228 0 1130 1876 
1596 1189 1531 1760 1968 1032 1271 2006 1396 2030 1403 1127 1320 2037 1268 1789 1434 1315 1710 1307 1632 1391 1231 1069 1974 1387 1446 1630 1245 1130 0 1461 
1319 1311 1931 1719 1370 1508 1343 1108 1853 1459 1575 1825 1539 1597 1709 1808 1620 1178 1280 1748 1188 1678 1683 1763 1873 1646 1058 1947 1765 1876 1461 0 

