21
0 839 658 609 634 808 584 570 861 810 875 702 680 802 829 529 472 444 761 844 499 
839 0 675 644 541 717 475 716 705 639 583 449 877 773 677 515 626 726 674 788 542 
658 675 0 661 528 575 509 670 765 589 522 660 746 772 706 857 549 828 646 818 757 
609 644 661 0 787 821 457 590 466 638 807 536 453 786 805 532 511 574 510 863 849 
634 541 528 787 0 809 799 455 835 748 566 713 730 708 679 512 572 500 855 734 650 
808 717 575 821 809 0 580 685 653 564 825 750 579 628 461 673 878 740 486 745 446 
584 475 509 457 799 580 0 454 656 683 676 728 603 858 601 777 850 569 834 519 846 
570 716 670 590 455 685 454 0 766 668 870 481 508 753 648 487 848 464 557 767 623 
861 705 765 466 835 653 656 766 0 479 869 565 488 729 758 631 546 866 744 477 781 
810 639 589 638 748 564 683 668 479 0 831 700 578 759 868 586 724 678 468 864 554 
875 583 522 807 566 825 676 870 869 831 0 537 719 663 602 794 722 465 756 742 604 
702 449 660 536 713 750 728 481 565 700 537 0 645 789 462 593 595 836 845 587 763 
680 877 746 453 730 579 603 508 488 578 719 645 0 478 561 867 720 657 633 647 709 
802 773 772 786 708 628 858 753 729 759 663 789 478 0 790 873 682 622 735 502 769 
829 677 706 805 679 461 601 648 758 868 602 462 561 790 0 820 558 881 667 599 492 
529 515 857 532 512 673 777 487 631 586 794 593 867 873 820 0 762 669 876 443 514 
472 626 549 511 572 878 850 848 546 724 722 595 720 682 558 762 0 513 707 872 652 
444 726 828 574 500 740 569 464 866 678 465 836 657 622 881 669 513 0 711 596 801 
761 674 646 510 855 486 834 557 744 468 756 845 633 735 667 876 707 711 0 840 551 
844 788 818 863 734 745 519 767 477 864 742 587 647 502 599 443 872 596 840 0 830 
499 542 757 849 650 446 846 623 781 554 604 763 709 769 492 514 652 801 551 830 0 