32
0 1535 1840 1176 1053 1739 1303 1047 1125 1854 1618 1702 1751 1832 1302 1974 1061 2026 1927 1837 1808 1478 1504 2048 1690 1131 1327 1825 1778 1967 1553 1421 
1535 0 1414 1966 1122 2016 1337 1585 2029 1436 1149 1624 2042 1909 1195 1400 1813 1693 1030 1462 1720 1622 1679 2007 1826 1816 1309 1241 1491 1939 1191 1514 
1840 1414 0 1433 1442 1903 1683 1187 1409 1829 1179 1352 1741 1777 1078 1937 1371 1381 1660 2021 1341 1323 1448 1698 1883 1709 1919 1696 1797 1196 1159 1279 
1176 1966 1433 0 1259 1715 1290 1300 1943 1762 1396 1806 1957 1559 1272 1814 1294 1640 1676 2018 1572 1416 1118 1801 1732 2011 1109 1728 2025 1205 1726 1388 
1053 1122 1442 1259 0 1447 1743 1242 1562 1864 1700 1658 1626 1507 1775 1232 1906 1429 1188 1577 1365 1375 1247 1766 1755 1224 1211 1310 1406 1805 1526 1495 
1739 2016 1903 1715 1447 0 1113 1470 1040 1199 1087 1655 1420 1083 1393 1411 1593 1800 1846 1648 1186 1313 1600 1503 1841 1899 1274 1049 1737 1625 1579 1101 
1303 1337 1683 1290 1743 1113 0 1642 1606 1404 1595 1165 1569 1494 1235 1598 1641 1716 2022 1084 1862 1942 1497 1456 1769 1669 1542 1637 1945 1565 1458 1904 
1047 1585 1187 1300 1242 1470 1642 0 1240 1761 1545 1177 1472 1706 1289 1319 1615 1427 1636 1334 1614 1102 1567 1278 1221 1667 1299 1704 2009 1353 1326 1920 
1125 2029 1409 1943 1562 1040 1606 1240 0 1457 1574 1963 1398 1258 1038 1082 1576 1831 1632 1384 1561 1230 1575 1651 1254 1509 1045 1843 1994 1292 1887 1987 
1854 1436 1829 1762 1864 1199 1404 1761 1457 0 1973 1930 1073 1184 2034 1551 1602 1736 1727 1123 1529 1802 1912 1563 1338 1786 1183 1847 1314 1124 1201 1722 
1618 1149 1179 1396 1700 1087 1595 1545 1574 1973 0 1466 1489 1975 1155 1376 1888 1153 1794 1982 1701 1812 1913 1877 1161 1273 1634 1166 1452 1482 1635 1143 
1702 1624 1352 1806 1658 1655 1165 1177 1963 1930 1466 0 1689 1750 1541 1251 1764 1964 1316 1668 1744 1145 1707 1293 1397 1944 1182 1029 1935 1760 1325 1035 
1751 2042 1741 1957 1626 1420 1569 1472 1398 1073 1489 1689 0 1573 1112 2043 1639 1281 1834 1332 1387 1034 1646 1137 1216 1533 1965 1212 1076 1882 1613 1060 
1832 1909 1777 1559 1507 1083 1494 1706 1258 1184 1975 1750 1573 0 1315 1926 1280 1884 1664 1134 1058 1479 1855 1204 1438 1850 1146 1881 2023 1492 1516 1608 
1302 1195 1078 1272 1775 1393 1235 1289 1038 2034 1155 1541 1112 1315 0 1362 1140 1623 1485 1359 1039 1581 1836 1321 1607 1869 2045 1621 1229 1527 1225 1357 
1974 1400 1937 1814 1232 1411 1598 1319 1082 1551 1376 1251 2043 1926 1362 0 1399 1354 1198 1536 1445 1036 1286 1997 1830 1269 1758 1408 1121 2014 1735 1682 
1061 1813 1371 1294 1906 1593 1641 1615 1576 1602 1888 1764 1639 1280 1140 1399 0 1234 1415 1947 1105 1162 1367 1678 1043 1723 1718 1703 1079 1085 1747 1335 
2026 1693 1381 1640 1429 1800 1716 1427 1831 1736 1153 1964 1281 1884 1623 1354 1234 0 1432 1246 1550 1759 1171 1135 1537 1671 1714 1807 1823 1552 1164 1617 
1927 1030 1660 1676 1188 1846 2022 1636 1632 1727 1794 1316 1834 1664 1485 1198 1415 1432 0 1835 1818 1493 1721 1788 1940 1891 1796 1817 1455 1108 1095 1880 
1837 1462 2021 2018 1577 1648 1084 1334 1384 1123 1982 1668 1332 1134 1359 1536 1947 1246 1835 0 1555 1804 1659 1875 1988 1441 1481 1687 1459 1329 1853 1412 
1808 1720 1341 1572 1365 1186 1862 1614 1561 1529 1701 1744 1387 1058 1039 1445 1105 1550 1818 1555 0 1257 1650 1950 1349 1789 1389 1601 1976 1239 1268 2017 
1478 1622 1323 1416 1375 1313 1942 1102 1230 1802 1812 1145 1034 1479 1581 1036 1162 1759 1493 1804 1257 0 1848 1661 1878 1308 1948 1214 1463 1820 1114 1111 
1504 1679 1448 1118 1247 1600 1497 1567 1575 1912 1913 1707 1646 1855 1836 1286 1367 1171 1721 1659 1650 1848 0 1437 1652 2031 1508 1297 1548 1454 1413 1765 
2048 2007 1698 1801 1766 1503 1456 1278 1651 1563 1877 1293 1137 1204 1321 1997 1678 1135 1788 1875 1950 1661 1437 0 1059 1033 1730 1554 1500 1921 1471 1771 
1690 1826 1883 1732 1755 1841 1769 1221 1254 1338 1161 1397 1216 1438 1607 1830 1043 1537 1940 1988 1349 1878 1652 1059 0 1063 1469 1917 1774 1092 1104 1368 
1131 1816 1709 2011 1224 1899 1669 1667 1509 1786 1273 1944 1533 1850 1869 1269 1723 1671 1891 1441 1789 1308 2031 1033 1063 0 1086 1088 1894 1333 1861 1474 
1327 1309 1919 1109 1211 1274 1542 1299 1045 1183 1634 1182 1965 1146 2045 1758 1718 1714 1796 1481 1389 1948 1508 1730 1469 1086 0 1977 1200 1564 1355 1523 
1825 1241 1696 1728 1310 1049 1637 1704 1843 1847 1166 1029 1212 1881 1621 1408 1703 1807 1817 1687 1601 1214 1297 1554 1917 1088 1977 0 1091 1845 1417 2032 
1778 1491 1797 2025 1406 1737 1945 2009 1994 1314 1452 1935 1076 2023 1229 1121 1079 1823 1455 1459 1976 1463 1548 1500 1774 1894 1200 1091 0 1065 1675 1295 
1967 1939 1196 1205 1805 1625 1565 1353 1292 1124 1482 1760 1882 1492 1527 2014 1085 1552 1108 1329 1239 1820 1454 1921 1092 1333 1564 1845 1065 0 1643 1138 
1553 1191 1159 1726 1526 1579 1458 1326 1887 1201 1635 1325 1613 1516 1225 1735 1747 1164 1095 1853 1268 1114 1413 1471 1104 1861 1355 1417 1675 1643 0 1160 
1421 1514 1279 1388 1495 1101 1904 1920 1987 1722 1143 1035 1060 1608 1357 1682 1335 1617 1880 1412 2017 1111 1765 1771 1368 1474 1523 2032 1295 1138 1160 0 
