32
0 1375 1342 1276 1944 1849 1098 1336 1940 1063 1997 1454 1861 1841 1335 1292 1781 1299 1761 1673 1262 1069 1526 1751 1637 1928 1720 1982 1665 1438 1092 1509 
1375 0 1679 1813 1768 1417 1385 1337 1569 1801 1823 1740 1557 1110 1464 1934 1497 1266 1459 1674 1842 1126 1573 1061 1423 1367 1875 1696 1422 1686 1278 1151 
1342 1679 0 1339 1313 1152 1121 1091 1376 1589 1892 1201 1072 1964 1754 1806 1089 1177 1845 1105 1372 1767 1241 1225 1037 1641 1756 1702 1650 1518 1938 1766 
1276 1813 1339 0 1488 1078 1584 1963 1969 2040 1933 1476 1082 1039 1267 1731 1965 1421 1667 1131 1605 1044 1249 1483 1086 1716 1176 2025 1282 1623 1487 1670 
1944 1768 1313 1488 0 1413 1118 1360 1638 1042 1984 1828 1515 1297 1129 2007 1742 1990 1874 1226 1950 1253 1386 1461 1477 1295 1602 1684 1097 1430 1361 1083 
1849 1417 1152 1078 1413 0 1809 1472 1852 1825 1948 1734 2017 1883 1546 1661 1598 1364 2034 1202 1536 1406 1049 1333 1095 1712 1393 1170 1962 1224 1626 1691 
1098 1385 1121 1584 1118 1809 0 1664 1727 1346 1344 1112 1271 1217 1096 1222 1120 1759 1287 1119 1678 1848 1268 1826 1166 1668 1787 1071 1356 1141 1200 1277 
1336 1337 1091 1963 1360 1472 1664 0 1269 1642 2033 1798 1607 1503 1643 1054 1256 1747 1604 1698 1703 1519 1521 2003 1370 1633 1689 1586 1915 1379 1440 1791 
1940 1569 1376 1969 1638 1852 1727 1269 0 1168 1355 1745 1352 1321 1995 1996 1481 1280 1541 1834 1887 1263 1904 1986 1207 1529 1188 1444 1250 1967 1748 1708 
1063 1801 1589 2040 1042 1825 1346 1642 1168 0 1270 1913 1850 1354 1359 1048 1491 1155 1204 1363 1590 1316 2022 1045 1329 1988 1792 1236 1175 1543 1989 1692 
1997 1823 1892 1933 1984 1948 1344 2033 1355 1270 0 1522 1629 1771 1395 1434 1319 1846 1148 1523 1652 1104 1144 2013 1749 1556 1974 2028 1853 1087 1927 1870 
1454 1740 1201 1476 1828 1734 1112 1798 1745 1913 1522 0 1561 1235 1103 1088 1227 1701 1134 1925 1027 1419 1162 2016 1539 1728 1738 1893 2011 1496 1961 1987 
1861 1557 1072 1082 1515 2017 1271 1607 1352 1850 1629 1561 0 1365 1502 2006 1814 1857 2032 1094 1243 1921 1581 1274 1829 1528 2029 1380 1755 1971 1578 1818 
1841 1110 1964 1039 1297 1883 1217 1503 1321 1354 1771 1235 1365 0 1420 2027 1851 1341 1377 1035 1128 2023 1916 2012 1184 1681 1992 1457 1657 1525 1973 1368 
1335 1464 1754 1267 1129 1546 1096 1643 1995 1359 1395 1103 1502 1420 0 1425 1415 1310 1800 1646 1765 1055 1405 2005 1242 1181 1954 1294 1281 1545 1178 1358 
1292 1934 1806 1731 2007 1661 1222 1054 1996 1048 1434 1088 2006 2027 1425 0 1160 1820 1085 1443 1935 1327 1831 1549 1735 1028 1230 1414 1146 1572 1559 1223 
1781 1497 1089 1965 1742 1598 1120 1256 1481 1491 1319 1227 1814 1851 1415 1160 0 1511 1340 1752 1197 1260 1838 1617 1551 1432 1216 1628 1741 1779 2010 1775 
1299 1266 1177 1421 1990 1364 1759 1747 1280 1155 1846 1701 1857 1341 1310 1820 1511 0 1958 1558 1284 1808 1467 1261 1699 1733 2008 1180 1616 1190 1156 1659 
1761 1459 1845 1667 1874 2034 1287 1604 1541 1204 1148 1134 2032 1377 1800 1085 1340 1958 0 1220 1793 1435 1482 1555 1634 1508 1388 1107 1805 1124 1062 1245 
1673 1674 1105 1131 1226 1202 1119 1698 1834 1363 1523 1925 1094 1035 1646 1443 1752 1558 1220 0 1381 1955 1059 1157 1285 1203 1439 1585 1122 1149 1894 2018 
1262 1842 1372 1605 1950 1536 1678 1703 1887 1590 1652 1027 1243 1128 1765 1935 1197 1284 1793 1381 0 1908 1145 1570 2035 2026 2048 1324 1275 1937 1700 1211 
1069 1126 1767 1044 1253 1406 1848 1519 1263 1316 1104 1419 1921 2023 1055 1327 1260 1808 1435 1955 1908 0 1718 1869 1758 1774 1625 1234 2044 1687 1534 1520 
1526 1573 1241 1249 1386 1049 1268 1521 1904 2022 1144 1162 1581 1916 1405 1831 1838 1467 1482 1059 1145 1718 0 1109 1862 1688 1473 1985 2047 1237 1644 1067 
1751 1061 1225 1483 1461 1333 1826 2003 1986 1045 2013 2016 1274 2012 2005 1549 1617 1261 1555 1157 1570 1869 1109 0 1196 1403 1966 1879 2014 2031 1978 1111 
1637 1423 1037 1086 1477 1095 1166 1370 1207 1329 1749 1539 1829 1184 1242 1735 1551 1699 1634 1285 2035 1758 1862 1196 0 1565 1923 1739 1442 1947 1799 1076 
1928 1367 1641 1716 1295 1712 1668 1633 1529 1988 1556 1728 1528 1681 1181 1028 1432 1733 1508 1203 2026 1774 1688 1403 1565 0 1788 1392 1705 1050 1099 1254 
1720 1875 1756 1176 1602 1393 1787 1689 1188 1792 1974 1738 2029 1992 1954 1230 1216 2008 1388 1439 2048 1625 1473 1966 1923 1788 0 1116 1531 1588 1835 1466 
1982 1696 1702 2025 1684 1170 1071 1586 1444 1236 2028 1893 1380 1457 1294 1414 1628 1180 1107 1585 1324 1234 1985 1879 1739 1392 1116 0 1917 1312 1630 1777 
1665 1422 1650 1282 1097 1962 1356 1915 1250 1175 1853 2011 1755 1657 1281 1146 1741 1616 1805 1122 1275 2044 2047 2014 1442 1705 1531 1917 0 1311 1614 1695 
1438 1686 1518 1623 1430 1224 1141 1379 1967 1543 1087 1496 1971 1525 1545 1572 1779 1190 1124 1149 1937 1687 1237 2031 1947 1050 1588 1312 1311 0 1505 1106 
1092 1278 1938 1487 1361 1626 1200 1440 1748 1989 1927 1961 1578 1973 1178 1559 2010 1156 1062 1894 1700 1534 1644 1978 1799 1099 1835 1630 1614 1505 0 1353 
1509 1151 1766 1670 1083 1691 1277 1791 1708 1692 1870 1987 1818 1368 1358 1223 1775 1659 1245 2018 1211 1520 1067 1111 1076 1254 1466 1777 1695 1106 1353 0 
